$ANSIBLE_VAULT;1.1;AES256
39393133396664316461363631626334303465346435623165636132316335376564336363333565
3864616235313634336136316533613431656234386431340a656535363962386166613530656665
65316132326636326630326363396532396439616334366236353763646565643037646339633039
3335356239623935310a613463386434313839383731373039643332363832333861373562663930
30306334666264633761323631643466616439313134633865353432323138646336303830653466
33366461323063643935333033393932326537333564393138623263663162333964373636313734
63363530656562343861643161626333333035376234626138346434393266363235313236393535
34366264353931366637313232383334396133663132653033323565323430643033393734373462
33376366313665656563666635383731643332643434666361303066643364303636333633393037
36323332643330393361373465663530633536653965393135326430323361613462663638343661
65306364343133373335316633616365646466376330313665343430386266663438383439613436
33646366373038376234306238313638666433643564616361313064653262373037356365323431
65616139633436363765333036373733333266636162346162376162623831363234363931636636
38316639333963643533316534613965316235636430363863336338343833363933343866663435
31663036663034313332646633653935643531653338323062636233653437393665623430313536
31396436386534663735633666333964323038363635646532616663363636663063333165386131
61386532373136326238623433393537373738333333633361373131326437373861343062646434
30653438663862663032366161393539386631363361333532643733383036336630383965353639
33356439646637353264633763336535366538353961383961666437333931303235303565306665
38383062366261336261633137316634393261626231363834323463626236303263303461623232
38613864653330656362646131316438396334366137353339386465616537313861303835343638
39343763323332626238303430663636343761306538613131613935623239303730656539323739
39336436333533666439356435326565656530366235333436366330373036316263306466386262
63653761393332636363643563643134306537396432616565633237376131626162623966623661
30353538653966626634646534623266376436616537663432313538306534653231663331326139
66343938613362626538313631343263626434313531666635343964306262646137396237333334
64653765613764656565383364303264333534666465646364353835656336646264613035363865
61323731383537336163343439663465623933383139346135366130316538306331303236376465
62663664656262663963303564373265373339656162623634613339316131393539396538393465
35653435653363396136643232336365353263636664613061373539636465396438373464386638
61323735626564346662303939333834623038363639396363656138623331653930653265313064
34306230626630333162656364353364633730636362626636653564633231396632373934383466
66646362343034323435356161646163303033303333643461626562333931643137346361643630
63376233336239643866386632656363383635636134343063373530646665306336623339623530
30346461633738356531633462333661636335616636303033313930666263666339616461323161
34643866646539656534346534343435326131326265633532366139623466616335346635376339
62663135306532306632633164386262326264393865366332373832386632383164353035653762
63396566333533346336643233613130646161633764383037626530356433666237313531643233
66336633313139653863306665366266663261323135663330333735313231333131373463646336
38316134323837666131613535656165653565386234386334386639393535383932656564626665
36383835393236356131353035316230616333346463643364313330663132663266323031333461
65393136626165396236386139656265313732323837636364656638336265623665303361363564
30366439363831633136356634393764333435633535363762666232323965646635616138326531
34616336633834386231613134646239663464346639366131653139346562336164346665333364
63396331613932623461343136393462643636373234383266386438343863633564366166633034
62626132396664346135376338393431373937336431626438623934343530643637626265393033
66393330383234386337316335316337323230633833353138396139636230323235656463663038
61623461323134643935623663323037626466373336326134663931333361666437623432373161
61383061633332633132396437643139616235653762363163636432653936343331376531343362
63656337346533373639623664313866393366323032323635313830323137303330656438373064
61326465336232626530313461363366623066396539323435393966363766656261353632383032
32326665336163353539363230663564653333666637623835353866323339386661393236646163
34633163633635323439333537316663316365306334633163393035396466653934663932366238
36313764633635616136393664313338313231353063343333656133663031626332396366383166
31323233646338303562616630646631396537623164336534306165373930636334376239383430
30376562623339386564326661323139643739636236633063316139623537303233643931346566
36353264346636306237343134333064613935623462643335376661656262633462633938613766
63643231366634363861313737643630313035396233333731356662306331313930373431333039
30373039653935663165333737373236343139666237653561386433363835373138653764366665
65313862396536656266623334303533343936633336613561333561326237373762353230613938
62616561643230323933323735393338386235636635323534363434313061636163613863366262
30633262613230323332303761393736633435633033323665623366343766656138653466336265
31393266343832366638333731326438343730613835316163386338646537633539316132346363
37333830656636643366303435613536646235313031383461623032396166363266303837366662
34643437613365313264303135313036326330623033366265643737663739303338656465313435
62613535363436623565383037366165636433663535313530326338393436303064633630646230
61663564343138363139383166303562303431343664396437326139663632346633353931656665
61653861373863663434613463303864393864303564306239666236393137326163336138333161
30353561656436663635663234383466663032383563316666616630653662646563666462616131
37623030666261633832333538663861313761613634653739326139656663306465623264333036
65323437633261643961623263333164323030353862636132643762613936373661656437393164
34613230383466373831653566323634626630626565623864323461326239633134613463626563
62663835376137646138323333376136313531356137326330303433656437663532396232633136
38346661633833613561366131613930333231363764363536643665373530303566363939373733
62366461613638303334666265323735363137376366326362343465393630656363653663636239
34383130616566326134343966643530646137363039633565616431653264313663663338353433
32633537643330616363623565633166653235633461636566336335383336643138353036323130
66623962313065393863636564313930656635643034313237316636393230656533323665303437
62376662363938373335363666613465323166623964633461386630396234616238373434333334
63303166633631666266363166333863303366326334363239323562393434636235663132313130
32396432346164306132356233643438376437636237313739306662653638393133346230633338
34373133373062613230373137646335306230396339663434626535643035366237656166663366
37626261626236356566356435666636396362633865363066343961326436366639653762373431
31646261363162623066643931623434626161363933356233313332386135313766633866383061
35643032376362323366393538323064656639653536306430313937373361343836343564393865
31373538326532323335623634643636353563626433633561633839366433633262373737613132
63343763656531653835336233333038306266363935653139663833663631626263323435356337
30366434616164326163353935343066343062303236333366336235623837343239313632393764
36303534323963636164376532373937383039613737323865623230343965633338396635613030
30653130303734326363626134333362346665623330613333383733306239356337346237333935
38323735663136333032346433366636653765643334626136623863663830656637653736646666
38636463326232393334656563393130616237623565383935376133623637396233313031303737
38323663326131396563356630313439643861316564373034383862653764633234613634653534
64393961386432636665396237313230323638313264336430666662613539643263336437316235
35323665353761313630323564633332363663313735633339653437363961333837633465636536
31333332386261373539313331343964306235376366336134616261623962313130303261306330
62303432663836616337303031323738333333643363313730356131663439326435626238353137
38353431653063646338333538386439653664383839386262346164303531646366343762333430
64323836343630333234383565323531633437306537333933323266313335376238626337386661
30656363653863633532363433303765653734336631373730626338376135656234393362326332
66656332653464366661323731366566636331313966646438643232613061663630656262643531
39336333633332616534663934323537633434383166396534633531633537313464343937396230
63343638393766613833383835323064393830323563323466363766363465383866333163653163
64316362653239313963663362666461396336313937353164653866363933323865303630343035
38323830323863626233313730643034396634366439653131653738333163373464626165656665
30666162636565366166663432346539663330363438323566346632353531646262616539386666
38643161393164333832663266353433386639373039643863393936626463643962623266356562
30653333353366656564346137376235653662366430636132336237393433346563636164383663
65386137323239396362333234626534663132653936396137623561653334353661346334646336
39623430303131386134366535363961353933366164643430336131363166343661613537376464
35313938646565363130343933376338306437656361343036653131646262353935333738646163
63303762633636393666666634376464353231306361306336363931343262333234613338343030
63646266323262623232303833366338326136336233373637313036613731636433653634326337
33363863613263653339363336376563356163643137393366626664306238373063663964393630
38336330323339353738326164623238343762326365633262613530393838626333626134613035
37643765366364346132613632336466336466656662616436643237383238643733333833363462
61396331376135376436313038653232343130623632626534613166386533346136363732663662
32626530643130636133373832336435623333623830616135633534383539376335316435306664
63363833306530346635666563656332636465303833653966616335313661363363393737353336
62363839643662386364636564383035313739643138366534333738323431333761666138633364
31383662386363623439393664663534616531373834376666626433353737616230333934363038
61343335376665323865336639656565623639333133306331343162393466393663333032663463
37633636303331356235373333303765666662326636613436396532613631356135643734396337
37333164356532663435653031613234646432323363366534643438633430386462373233613437
62613938353635323761623561356437333231383032643137373134363132626636356662616362
62393766333332353363643131646130383532376137613065643461376263646363613065323236
66336233623065303633323764353063366134396133336337303363663434336339363166363466
31336538343930653634613439343935633539396535333762306235646130306535323839623536
35373661623930626464346662366363663037666135396366383730613332663131656662383537
30366333666231303438623864326166336430393833323335643563313161656164623536393830
37643838363765353865643235613833316536386436356639346636643566303637663939363866
35366232333563363864313966316638346666333631383935346262313637373664366162353835
66343733373161653637363637366463623135333566373234396264643039636362306430656335
37343833633234333962366232373932633537326235363736346233336463366666306535663539
373338386565343539356264316462653262
